,Direct Harassment corr coeff,Direct Harassment p-val,Hate Speech corr coeff,Hate Speech p-val,Others corr coeff,Others p-val,Sexual Harassment corr coeff,Sexual Harassment p-val,Toxic corr coeff,Toxic p-val,Trolling corr coeff,Trolling p-val
adj adj,0.39279220242478635,0.4411128091213043,0.6546536707079772,0.15830242337545783,-0.39279220242478635,0.4411128091213043,-0.6546536707079772,0.15830242337545783,-0.13093073414159545,0.8047261622231061,0.13093073414159545,0.8047261622231061
adj adj adj,0.41736500618415145,0.4103036364236828,0.6956083436402525,0.12487982574290808,-0.41736500618415145,0.4103036364236828,-0.41736500618415145,0.4103036364236828,-0.41736500618415145,0.4103036364236828,0.1391216687280505,0.7926638356375505
adj adj adp,-0.316227766016838,0.5414697392755848,0.632455532033676,0.1778078083562211,-0.316227766016838,0.5414697392755848,-0.316227766016838,0.5414697392755848,-0.316227766016838,0.5414697392755848,0.632455532033676,0.1778078083562211
adj adj adv,-0.20000000000000007,0.704,1.0,0.0,-0.20000000000000007,0.704,-0.20000000000000007,0.704,-0.20000000000000007,0.704,-0.20000000000000007,0.704
adj adj emoji,0.3098386676965934,0.5501142545045465,0.3098386676965934,0.5501142545045465,0.3098386676965934,0.5501142545045465,-0.7745966692414834,0.07048399691021993,0.3098386676965934,0.5501142545045465,-0.46475800154489,0.3530568618495133
adj adj intj,-0.20000000000000007,0.704,1.0,0.0,-0.20000000000000007,0.704,-0.20000000000000007,0.704,-0.20000000000000007,0.704,-0.20000000000000007,0.704
adj adj noun,0.39279220242478635,0.4411128091213043,0.6546536707079772,0.15830242337545783,-0.39279220242478635,0.4411128091213043,-0.6546536707079772,0.15830242337545783,-0.13093073414159545,0.8047261622231061,0.13093073414159545,0.8047261622231061
adj adj num,,,,,,,,,,,,
adj adj pron,,,,,,,,,,,,
adj adj propn,0.41736500618415145,0.4103036364236828,0.6956083436402525,0.12487982574290808,-0.41736500618415145,0.4103036364236828,-0.41736500618415145,0.4103036364236828,-0.41736500618415145,0.4103036364236828,0.1391216687280505,0.7926638356375505
adj adj verb,0.41736500618415145,0.4103036364236828,0.6956083436402525,0.12487982574290808,-0.41736500618415145,0.4103036364236828,-0.41736500618415145,0.4103036364236828,-0.41736500618415145,0.4103036364236828,0.1391216687280505,0.7926638356375505
adj adp,0.13284223283101432,0.8019087881019875,0.3985266984930429,0.43385766067017734,-0.5313689313240573,0.27796339331848685,-0.5313689313240573,0.27796339331848685,-0.13284223283101432,0.8019087881019875,0.6642111641550715,0.15020042233101136
adj adp adj,,,,,,,,,,,,
adj adp adv,,,,,,,,,,,,
adj adp noun,0.14142135623730953,0.7892821792064089,0.5656854249492381,0.24198153056802077,-0.4242640687119286,0.40178766311618047,-0.4242640687119286,0.40178766311618047,-0.4242640687119286,0.40178766311618047,0.5656854249492381,0.24198153056802077
adj adp num,,,,,,,,,,,,
adj adp pron,,,,,,,,,,,,
adj adp propn,0.14142135623730953,0.7892821792064089,0.14142135623730953,0.7892821792064089,-0.5656854249492381,0.24198153056802077,-0.5656854249492381,0.24198153056802077,0.14142135623730953,0.7892821792064089,0.7071067811865477,0.11611652351681541
adj adp verb,,,,,,,,,,,,
adj adv,-0.13284223283101432,0.8019087881019875,0.6642111641550715,0.15020042233101136,0.3985266984930429,0.43385766067017734,-0.5313689313240573,0.27796339331848685,-0.5313689313240573,0.27796339331848685,0.13284223283101432,0.8019087881019875
adj adv adj,-0.20000000000000007,0.704,1.0,0.0,-0.20000000000000007,0.704,-0.20000000000000007,0.704,-0.20000000000000007,0.704,-0.20000000000000007,0.704
adj adv adv,,,,,,,,,,,,
adj adv noun,,,,,,,,,,,,
adj adv num,-0.20000000000000007,0.704,-0.20000000000000007,0.704,1.0,0.0,-0.20000000000000007,0.704,-0.20000000000000007,0.704,-0.20000000000000007,0.704
adj adv pron,1.0,0.0,-0.20000000000000007,0.704,-0.20000000000000007,0.704,-0.20000000000000007,0.704,-0.20000000000000007,0.704,-0.20000000000000007,0.704
adj adv propn,,,,,,,,,,,,
adj adv verb,-0.3098386676965934,0.5501142545045465,0.7745966692414834,0.07048399691021993,-0.3098386676965934,0.5501142545045465,-0.3098386676965934,0.5501142545045465,-0.3098386676965934,0.5501142545045465,0.46475800154489,0.3530568618495133
adj emoji,0.39279220242478635,0.4411128091213043,0.6546536707079772,0.15830242337545783,-0.39279220242478635,0.4411128091213043,-0.6546536707079772,0.15830242337545783,-0.13093073414159545,0.8047261622231061,0.13093073414159545,0.8047261622231061
adj emoji adj,,,,,,,,,,,,
adj emoji emoji,0.3985266984930429,0.43385766067017734,0.6642111641550715,0.15020042233101136,-0.5313689313240573,0.27796339331848685,-0.5313689313240573,0.27796339331848685,-0.13284223283101432,0.8019087881019875,0.13284223283101432,0.8019087881019875
adj emoji noun,,,,,,,,,,,,
adj emoji propn,-0.3098386676965934,0.5501142545045465,0.46475800154489,0.3530568618495133,-0.3098386676965934,0.5501142545045465,-0.3098386676965934,0.5501142545045465,-0.3098386676965934,0.5501142545045465,0.7745966692414834,0.07048399691021993
adj emoji verb,,,,,,,,,,,,
adj intj,-0.20000000000000007,0.704,1.0,0.0,-0.20000000000000007,0.704,-0.20000000000000007,0.704,-0.20000000000000007,0.704,-0.20000000000000007,0.704
adj intj adv,,,,,,,,,,,,
adj intj noun,-0.20000000000000007,0.704,1.0,0.0,-0.20000000000000007,0.704,-0.20000000000000007,0.704,-0.20000000000000007,0.704,-0.20000000000000007,0.704
adj intj propn,-0.20000000000000007,0.704,1.0,0.0,-0.20000000000000007,0.704,-0.20000000000000007,0.704,-0.20000000000000007,0.704,-0.20000000000000007,0.704
adj intj verb,,,,,,,,,,,,
adj noun,0.39279220242478635,0.4411128091213043,0.6546536707079772,0.15830242337545783,-0.39279220242478635,0.4411128091213043,-0.6546536707079772,0.15830242337545783,-0.13093073414159545,0.8047261622231061,0.13093073414159545,0.8047261622231061
adj noun adj,0.13093073414159545,0.8047261622231061,0.6546536707079772,0.15830242337545783,-0.6546536707079772,0.15830242337545783,-0.13093073414159545,0.8047261622231061,-0.39279220242478635,0.4411128091213043,0.39279220242478635,0.4411128091213043
adj noun adp,0.6642111641550715,0.15020042233101136,0.13284223283101432,0.8019087881019875,-0.5313689313240573,0.27796339331848685,-0.5313689313240573,0.27796339331848685,-0.13284223283101432,0.8019087881019875,0.3985266984930429,0.43385766067017734
adj noun adv,0.6642111641550715,0.15020042233101136,0.3985266984930429,0.43385766067017734,-0.5313689313240573,0.27796339331848685,-0.5313689313240573,0.27796339331848685,-0.13284223283101432,0.8019087881019875,0.13284223283101432,0.8019087881019875
adj noun emoji,0.0,1.0,0.674199862463242,0.14192744777405547,-0.5393598899705937,0.2694125126761958,-0.5393598899705937,0.2694125126761958,0.0,1.0,0.40451991747794525,0.42631720794036876
adj noun intj,,,,,,,,,,,,
adj noun noun,0.13093073414159545,0.8047261622231061,0.6546536707079772,0.15830242337545783,-0.39279220242478635,0.4411128091213043,-0.6546536707079772,0.15830242337545783,0.39279220242478635,0.4411128091213043,-0.13093073414159545,0.8047261622231061
adj noun num,-0.41736500618415145,0.4103036364236828,0.41736500618415145,0.4103036364236828,-0.41736500618415145,0.4103036364236828,-0.41736500618415145,0.4103036364236828,0.6956083436402525,0.12487982574290808,0.1391216687280505,0.7926638356375505
adj noun pron,0.46475800154489,0.3530568618495133,0.7745966692414834,0.07048399691021993,-0.3098386676965934,0.5501142545045465,-0.3098386676965934,0.5501142545045465,-0.3098386676965934,0.5501142545045465,-0.3098386676965934,0.5501142545045465
adj noun propn,-0.13093073414159545,0.8047261622231061,0.6546536707079772,0.15830242337545783,-0.39279220242478635,0.4411128091213043,-0.6546536707079772,0.15830242337545783,0.13093073414159545,0.8047261622231061,0.39279220242478635,0.4411128091213043
adj noun verb,0.13093073414159545,0.8047261622231061,0.6546536707079772,0.15830242337545783,-0.39279220242478635,0.4411128091213043,-0.6546536707079772,0.15830242337545783,-0.13093073414159545,0.8047261622231061,0.39279220242478635,0.4411128091213043
adj num,0.1391216687280505,0.7926638356375505,0.6956083436402525,0.12487982574290808,-0.41736500618415145,0.4103036364236828,-0.41736500618415145,0.4103036364236828,-0.41736500618415145,0.4103036364236828,0.41736500618415145,0.4103036364236828
adj num adj,,,,,,,,,,,,
adj num emoji,,,,,,,,,,,,
adj num intj,,,,,,,,,,,,
adj num noun,0.41736500618415145,0.4103036364236828,0.6956083436402525,0.12487982574290808,-0.41736500618415145,0.4103036364236828,-0.41736500618415145,0.4103036364236828,-0.41736500618415145,0.4103036364236828,0.1391216687280505,0.7926638356375505
adj num num,,,,,,,,,,,,
adj num propn,-0.20000000000000007,0.704,-0.20000000000000007,0.704,-0.20000000000000007,0.704,-0.20000000000000007,0.704,-0.20000000000000007,0.704,1.0,0.0
adj num verb,-0.20000000000000007,0.704,-0.20000000000000007,0.704,-0.20000000000000007,0.704,-0.20000000000000007,0.704,-0.20000000000000007,0.704,1.0,0.0
adj pron,-0.13284223283101432,0.8019087881019875,0.13284223283101432,0.8019087881019875,-0.5313689313240573,0.27796339331848685,-0.5313689313240573,0.27796339331848685,0.6642111641550715,0.15020042233101136,0.3985266984930429,0.43385766067017734
adj pron adj,,,,,,,,,,,,
adj pron adv,,,,,,,,,,,,
adj pron noun,-0.20000000000000007,0.704,-0.20000000000000007,0.704,-0.20000000000000007,0.704,-0.20000000000000007,0.704,-0.20000000000000007,0.704,1.0,0.0
adj pron pron,,,,,,,,,,,,
adj pron propn,,,,,,,,,,,,
adj pron verb,0.13284223283101432,0.8019087881019875,0.6642111641550715,0.15020042233101136,-0.5313689313240573,0.27796339331848685,-0.5313689313240573,0.27796339331848685,0.3985266984930429,0.43385766067017734,-0.13284223283101432,0.8019087881019875
adj propn,-0.13093073414159545,0.8047261622231061,0.6546536707079772,0.15830242337545783,-0.39279220242478635,0.4411128091213043,-0.6546536707079772,0.15830242337545783,0.13093073414159545,0.8047261622231061,0.39279220242478635,0.4411128091213043
adj propn adj,-0.20000000000000007,0.704,-0.20000000000000007,0.704,-0.20000000000000007,0.704,-0.20000000000000007,0.704,-0.20000000000000007,0.704,1.0,0.0
adj propn adp,,,,,,,,,,,,
adj propn adv,0.41736500618415145,0.4103036364236828,0.1391216687280505,0.7926638356375505,-0.41736500618415145,0.4103036364236828,-0.41736500618415145,0.4103036364236828,0.6956083436402525,0.12487982574290808,-0.41736500618415145,0.4103036364236828
adj propn emoji,-0.3098386676965934,0.5501142545045465,-0.3098386676965934,0.5501142545045465,0.46475800154489,0.3530568618495133,-0.3098386676965934,0.5501142545045465,-0.3098386676965934,0.5501142545045465,0.7745966692414834,0.07048399691021993
adj propn intj,-0.20000000000000007,0.704,1.0,0.0,-0.20000000000000007,0.704,-0.20000000000000007,0.704,-0.20000000000000007,0.704,-0.20000000000000007,0.704
adj propn noun,0.6642111641550715,0.15020042233101136,0.13284223283101432,0.8019087881019875,-0.5313689313240573,0.27796339331848685,-0.5313689313240573,0.27796339331848685,-0.13284223283101432,0.8019087881019875,0.3985266984930429,0.43385766067017734
adj propn num,,,,,,,,,,,,
adj propn pron,,,,,,,,,,,,
adj propn propn,0.13093073414159545,0.8047261622231061,0.6546536707079772,0.15830242337545783,-0.39279220242478635,0.4411128091213043,-0.6546536707079772,0.15830242337545783,0.39279220242478635,0.4411128091213043,-0.13093073414159545,0.8047261622231061
adj propn verb,0.13093073414159545,0.8047261622231061,0.6546536707079772,0.15830242337545783,-0.39279220242478635,0.4411128091213043,-0.6546536707079772,0.15830242337545783,-0.13093073414159545,0.8047261622231061,0.39279220242478635,0.4411128091213043
adj verb,0.39279220242478635,0.4411128091213043,0.6546536707079772,0.15830242337545783,-0.39279220242478635,0.4411128091213043,-0.6546536707079772,0.15830242337545783,-0.13093073414159545,0.8047261622231061,0.13093073414159545,0.8047261622231061
adj verb adj,0.13284223283101432,0.8019087881019875,0.6642111641550715,0.15020042233101136,-0.26568446566202863,0.6108504002950288,-0.6642111641550715,0.15020042233101136,-0.26568446566202863,0.6108504002950288,0.3985266984930429,0.43385766067017734
adj verb adp,,,,,,,,,,,,
adj verb adv,0.46475800154489,0.3530568618495133,-0.3098386676965934,0.5501142545045465,-0.3098386676965934,0.5501142545045465,-0.3098386676965934,0.5501142545045465,-0.3098386676965934,0.5501142545045465,0.7745966692414834,0.07048399691021993
adj verb emoji,-0.20000000000000007,0.704,1.0,0.0,-0.20000000000000007,0.704,-0.20000000000000007,0.704,-0.20000000000000007,0.704,-0.20000000000000007,0.704
adj verb noun,0.13093073414159545,0.8047261622231061,0.6546536707079772,0.15830242337545783,-0.39279220242478635,0.4411128091213043,-0.6546536707079772,0.15830242337545783,-0.13093073414159545,0.8047261622231061,0.39279220242478635,0.4411128091213043
adj verb num,-0.20000000000000007,0.704,1.0,0.0,-0.20000000000000007,0.704,-0.20000000000000007,0.704,-0.20000000000000007,0.704,-0.20000000000000007,0.704
adj verb pron,,,,,,,,,,,,
adj verb propn,0.3985266984930429,0.43385766067017734,0.6642111641550715,0.15020042233101136,-0.13284223283101432,0.8019087881019875,-0.5313689313240573,0.27796339331848685,0.13284223283101432,0.8019087881019875,-0.5313689313240573,0.27796339331848685
adj verb verb,-0.13284223283101432,0.8019087881019875,0.3985266984930429,0.43385766067017734,-0.5313689313240573,0.27796339331848685,-0.5313689313240573,0.27796339331848685,0.13284223283101432,0.8019087881019875,0.6642111641550715,0.15020042233101136
adp adj,0.6642111641550715,0.15020042233101136,0.3985266984930429,0.43385766067017734,-0.5313689313240573,0.27796339331848685,-0.5313689313240573,0.27796339331848685,0.13284223283101432,0.8019087881019875,-0.13284223283101432,0.8019087881019875
adp adj adj,0.14142135623730953,0.7892821792064089,0.7071067811865477,0.11611652351681541,-0.5656854249492381,0.24198153056802077,-0.5656854249492381,0.24198153056802077,0.14142135623730953,0.7892821792064089,0.14142135623730953,0.7892821792064089
adp adj noun,0.6956083436402525,0.12487982574290808,0.41736500618415145,0.4103036364236828,-0.41736500618415145,0.4103036364236828,-0.41736500618415145,0.4103036364236828,-0.41736500618415145,0.4103036364236828,0.1391216687280505,0.7926638356375505
adp adj pron,,,,,,,,,,,,
adp adj propn,-0.20000000000000007,0.704,-0.20000000000000007,0.704,-0.20000000000000007,0.704,-0.20000000000000007,0.704,1.0,0.0,-0.20000000000000007,0.704
adp adj verb,,,,,,,,,,,,
adp adp,,,,,,,,,,,,
adp adp propn,,,,,,,,,,,,
adp adv,0.7745966692414834,0.07048399691021993,-0.3098386676965934,0.5501142545045465,-0.3098386676965934,0.5501142545045465,-0.3098386676965934,0.5501142545045465,-0.3098386676965934,0.5501142545045465,0.46475800154489,0.3530568618495133
adp adv adj,1.0,0.0,-0.20000000000000007,0.704,-0.20000000000000007,0.704,-0.20000000000000007,0.704,-0.20000000000000007,0.704,-0.20000000000000007,0.704
adp adv adp,0.632455532033676,0.1778078083562211,-0.316227766016838,0.5414697392755848,-0.316227766016838,0.5414697392755848,-0.316227766016838,0.5414697392755848,-0.316227766016838,0.5414697392755848,0.632455532033676,0.1778078083562211
adp adv propn,,,,,,,,,,,,
adp adv verb,,,,,,,,,,,,
adp emoji,,,,,,,,,,,,
adp emoji adp,,,,,,,,,,,,
adp emoji emoji,,,,,,,,,,,,
adp emoji noun,,,,,,,,,,,,
adp emoji num,,,,,,,,,,,,
adp emoji propn,,,,,,,,,,,,
adp intj,,,,,,,,,,,,
adp noun,0.13093073414159545,0.8047261622231061,0.39279220242478635,0.4411128091213043,-0.39279220242478635,0.4411128091213043,-0.6546536707079772,0.15830242337545783,-0.13093073414159545,0.8047261622231061,0.6546536707079772,0.15830242337545783
adp noun adj,-0.20000000000000007,0.704,-0.20000000000000007,0.704,-0.20000000000000007,0.704,-0.20000000000000007,0.704,-0.20000000000000007,0.704,1.0,0.0
adp noun adp,,,,,,,,,,,,
adp noun adv,-0.3098386676965934,0.5501142545045465,-0.3098386676965934,0.5501142545045465,-0.3098386676965934,0.5501142545045465,-0.3098386676965934,0.5501142545045465,0.7745966692414834,0.07048399691021993,0.46475800154489,0.3530568618495133
adp noun emoji,0.4472135954999579,0.373900966300059,0.4472135954999579,0.373900966300059,-0.4472135954999579,0.373900966300059,-0.4472135954999579,0.373900966300059,-0.4472135954999579,0.373900966300059,0.4472135954999579,0.373900966300059
adp noun intj,,,,,,,,,,,,
adp noun noun,0.13284223283101432,0.8019087881019875,0.6642111641550715,0.15020042233101136,-0.13284223283101432,0.8019087881019875,-0.5313689313240573,0.27796339331848685,-0.5313689313240573,0.27796339331848685,0.3985266984930429,0.43385766067017734
adp noun num,,,,,,,,,,,,
adp noun pron,-0.20000000000000007,0.704,1.0,0.0,-0.20000000000000007,0.704,-0.20000000000000007,0.704,-0.20000000000000007,0.704,-0.20000000000000007,0.704
adp noun propn,0.3985266984930429,0.43385766067017734,0.13284223283101432,0.8019087881019875,-0.5313689313240573,0.27796339331848685,-0.5313689313240573,0.27796339331848685,-0.13284223283101432,0.8019087881019875,0.6642111641550715,0.15020042233101136
adp noun verb,0.39279220242478635,0.4411128091213043,0.13093073414159545,0.8047261622231061,-0.39279220242478635,0.4411128091213043,-0.6546536707079772,0.15830242337545783,0.6546536707079772,0.15830242337545783,-0.13093073414159545,0.8047261622231061
adp num,,,,,,,,,,,,
adp num adj,,,,,,,,,,,,
adp num adv,,,,,,,,,,,,
adp num emoji,,,,,,,,,,,,
adp num noun,,,,,,,,,,,,
adp num propn,,,,,,,,,,,,
adp num verb,,,,,,,,,,,,
adp pron,,,,,,,,,,,,
adp pron verb,,,,,,,,,,,,
adp propn,0.39279220242478635,0.4411128091213043,0.6546536707079772,0.15830242337545783,-0.6546536707079772,0.15830242337545783,-0.13093073414159545,0.8047261622231061,0.13093073414159545,0.8047261622231061,-0.39279220242478635,0.4411128091213043
adp propn adj,,,,,,,,,,,,
adp propn adp,,,,,,,,,,,,
adp propn adv,0.7745966692414834,0.07048399691021993,0.46475800154489,0.3530568618495133,-0.3098386676965934,0.5501142545045465,-0.3098386676965934,0.5501142545045465,-0.3098386676965934,0.5501142545045465,-0.3098386676965934,0.5501142545045465
adp propn emoji,1.0,0.0,-0.20000000000000007,0.704,-0.20000000000000007,0.704,-0.20000000000000007,0.704,-0.20000000000000007,0.704,-0.20000000000000007,0.704
adp propn noun,-0.20000000000000007,0.704,1.0,0.0,-0.20000000000000007,0.704,-0.20000000000000007,0.704,-0.20000000000000007,0.704,-0.20000000000000007,0.704
adp propn num,,,,,,,,,,,,
adp propn propn,0.13093073414159545,0.8047261622231061,0.39279220242478635,0.4411128091213043,-0.6546536707079772,0.15830242337545783,-0.13093073414159545,0.8047261622231061,0.6546536707079772,0.15830242337545783,-0.39279220242478635,0.4411128091213043
adp propn verb,1.0,0.0,-0.20000000000000007,0.704,-0.20000000000000007,0.704,-0.20000000000000007,0.704,-0.20000000000000007,0.704,-0.20000000000000007,0.704
adp verb,0.13284223283101432,0.8019087881019875,0.6642111641550715,0.15020042233101136,-0.5313689313240573,0.27796339331848685,-0.5313689313240573,0.27796339331848685,0.3985266984930429,0.43385766067017734,-0.13284223283101432,0.8019087881019875
adp verb adj,,,,,,,,,,,,
adp verb adv,,,,,,,,,,,,
adp verb emoji,,,,,,,,,,,,
adp verb noun,0.13284223283101432,0.8019087881019875,0.3985266984930429,0.43385766067017734,-0.5313689313240573,0.27796339331848685,-0.5313689313240573,0.27796339331848685,0.6642111641550715,0.15020042233101136,-0.13284223283101432,0.8019087881019875
adp verb propn,-0.4472135954999579,0.373900966300059,0.4472135954999579,0.373900966300059,-0.4472135954999579,0.373900966300059,-0.4472135954999579,0.373900966300059,0.4472135954999579,0.373900966300059,0.4472135954999579,0.373900966300059
adp verb verb,,,,,,,,,,,,
adv adj,0.13093073414159545,0.8047261622231061,0.6546536707079772,0.15830242337545783,-0.39279220242478635,0.4411128091213043,-0.6546536707079772,0.15830242337545783,-0.13093073414159545,0.8047261622231061,0.39279220242478635,0.4411128091213043
adv adj adj,-0.3098386676965934,0.5501142545045465,0.7745966692414834,0.07048399691021993,0.46475800154489,0.3530568618495133,-0.3098386676965934,0.5501142545045465,-0.3098386676965934,0.5501142545045465,-0.3098386676965934,0.5501142545045465
adv adj adp,,,,,,,,,,,,
adv adj adv,,,,,,,,,,,,
adv adj emoji,,,,,,,,,,,,
adv adj intj,,,,,,,,,,,,
adv adj noun,-0.13093073414159545,0.8047261622231061,0.6546536707079772,0.15830242337545783,-0.39279220242478635,0.4411128091213043,-0.6546536707079772,0.15830242337545783,0.13093073414159545,0.8047261622231061,0.39279220242478635,0.4411128091213043
adv adj num,-0.3098386676965934,0.5501142545045465,0.46475800154489,0.3530568618495133,-0.3098386676965934,0.5501142545045465,-0.3098386676965934,0.5501142545045465,-0.3098386676965934,0.5501142545045465,0.7745966692414834,0.07048399691021993
adv adj pron,,,,,,,,,,,,
adv adj propn,-0.20000000000000007,0.704,1.0,0.0,-0.20000000000000007,0.704,-0.20000000000000007,0.704,-0.20000000000000007,0.704,-0.20000000000000007,0.704
adv adj verb,0.39279220242478635,0.4411128091213043,0.6546536707079772,0.15830242337545783,-0.39279220242478635,0.4411128091213043,-0.6546536707079772,0.15830242337545783,-0.13093073414159545,0.8047261622231061,0.13093073414159545,0.8047261622231061
adv adp,0.6642111641550715,0.15020042233101136,-0.13284223283101432,0.8019087881019875,-0.5313689313240573,0.27796339331848685,-0.5313689313240573,0.27796339331848685,0.3985266984930429,0.43385766067017734,0.13284223283101432,0.8019087881019875
adv adp adj,,,,,,,,,,,,
adv adp adp,,,,,,,,,,,,
adv adp noun,0.632455532033676,0.1778078083562211,-0.316227766016838,0.5414697392755848,-0.316227766016838,0.5414697392755848,-0.316227766016838,0.5414697392755848,-0.316227766016838,0.5414697392755848,0.632455532033676,0.1778078083562211
adv adp propn,0.41736500618415145,0.4103036364236828,0.1391216687280505,0.7926638356375505,-0.41736500618415145,0.4103036364236828,-0.41736500618415145,0.4103036364236828,0.6956083436402525,0.12487982574290808,-0.41736500618415145,0.4103036364236828
adv adp verb,,,,,,,,,,,,
adv adv,0.3985266984930429,0.43385766067017734,0.6642111641550715,0.15020042233101136,-0.5313689313240573,0.27796339331848685,-0.5313689313240573,0.27796339331848685,0.13284223283101432,0.8019087881019875,-0.13284223283101432,0.8019087881019875
adv adv adj,,,,,,,,,,,,
adv adv adp,,,,,,,,,,,,
adv adv adv,-0.20000000000000007,0.704,-0.20000000000000007,0.704,-0.20000000000000007,0.704,-0.20000000000000007,0.704,1.0,0.0,-0.20000000000000007,0.704
adv adv emoji,,,,,,,,,,,,
adv adv noun,1.0,0.0,-0.20000000000000007,0.704,-0.20000000000000007,0.704,-0.20000000000000007,0.704,-0.20000000000000007,0.704,-0.20000000000000007,0.704
adv adv num,-0.20000000000000007,0.704,-0.20000000000000007,0.704,-0.20000000000000007,0.704,-0.20000000000000007,0.704,1.0,0.0,-0.20000000000000007,0.704
adv adv pron,-0.316227766016838,0.5414697392755848,0.632455532033676,0.1778078083562211,-0.316227766016838,0.5414697392755848,-0.316227766016838,0.5414697392755848,-0.316227766016838,0.5414697392755848,0.632455532033676,0.1778078083562211
adv adv propn,0.28284271247461906,0.5870496397870562,0.7071067811865477,0.11611652351681541,-0.4242640687119286,0.40178766311618047,-0.4242640687119286,0.40178766311618047,0.28284271247461906,0.5870496397870562,-0.4242640687119286,0.40178766311618047
adv adv verb,1.0,0.0,-0.20000000000000007,0.704,-0.20000000000000007,0.704,-0.20000000000000007,0.704,-0.20000000000000007,0.704,-0.20000000000000007,0.704
adv emoji,0.6956083436402525,0.12487982574290808,0.1391216687280505,0.7926638356375505,-0.41736500618415145,0.4103036364236828,-0.41736500618415145,0.4103036364236828,-0.41736500618415145,0.4103036364236828,0.41736500618415145,0.4103036364236828
adv emoji adj,,,,,,,,,,,,
adv emoji adp,,,,,,,,,,,,
adv emoji adv,,,,,,,,,,,,
adv emoji emoji,1.0,0.0,-0.20000000000000007,0.704,-0.20000000000000007,0.704,-0.20000000000000007,0.704,-0.20000000000000007,0.704,-0.20000000000000007,0.704
adv emoji noun,,,,,,,,,,,,
adv emoji num,-0.20000000000000007,0.704,1.0,0.0,-0.20000000000000007,0.704,-0.20000000000000007,0.704,-0.20000000000000007,0.704,-0.20000000000000007,0.704
adv emoji pron,,,,,,,,,,,,
adv emoji propn,,,,,,,,,,,,
adv emoji verb,,,,,,,,,,,,
adv intj,0.7745966692414834,0.07048399691021993,-0.3098386676965934,0.5501142545045465,-0.3098386676965934,0.5501142545045465,-0.3098386676965934,0.5501142545045465,-0.3098386676965934,0.5501142545045465,0.46475800154489,0.3530568618495133
adv intj intj,,,,,,,,,,,,
adv intj pron,-0.20000000000000007,0.704,-0.20000000000000007,0.704,-0.20000000000000007,0.704,-0.20000000000000007,0.704,-0.20000000000000007,0.704,1.0,0.0
adv intj verb,,,,,,,,,,,,
adv noun,0.13093073414159545,0.8047261622231061,0.6546536707079772,0.15830242337545783,-0.39279220242478635,0.4411128091213043,-0.6546536707079772,0.15830242337545783,-0.13093073414159545,0.8047261622231061,0.39279220242478635,0.4411128091213043
adv noun adj,-0.4242640687119286,0.40178766311618047,-0.4242640687119286,0.40178766311618047,0.28284271247461906,0.5870496397870562,-0.4242640687119286,0.40178766311618047,0.28284271247461906,0.5870496397870562,0.7071067811865477,0.11611652351681541
adv noun adp,,,,,,,,,,,,
adv noun adv,-0.20000000000000007,0.704,1.0,0.0,-0.20000000000000007,0.704,-0.20000000000000007,0.704,-0.20000000000000007,0.704,-0.20000000000000007,0.704
adv noun emoji,-0.1391216687280505,0.7926638356375505,0.6956083436402525,0.12487982574290808,-0.6956083436402525,0.12487982574290808,-0.1391216687280505,0.7926638356375505,-0.1391216687280505,0.7926638356375505,0.41736500618415145,0.4103036364236828
adv noun intj,-0.316227766016838,0.5414697392755848,-0.316227766016838,0.5414697392755848,-0.316227766016838,0.5414697392755848,-0.316227766016838,0.5414697392755848,0.632455532033676,0.1778078083562211,0.632455532033676,0.1778078083562211
adv noun noun,0.13093073414159545,0.8047261622231061,0.6546536707079772,0.15830242337545783,-0.39279220242478635,0.4411128091213043,-0.6546536707079772,0.15830242337545783,-0.13093073414159545,0.8047261622231061,0.39279220242478635,0.4411128091213043
adv noun num,-0.20000000000000007,0.704,1.0,0.0,-0.20000000000000007,0.704,-0.20000000000000007,0.704,-0.20000000000000007,0.704,-0.20000000000000007,0.704
adv noun pron,,,,,,,,,,,,
adv noun propn,0.41736500618415145,0.4103036364236828,0.6956083436402525,0.12487982574290808,-0.41736500618415145,0.4103036364236828,-0.41736500618415145,0.4103036364236828,0.1391216687280505,0.7926638356375505,-0.41736500618415145,0.4103036364236828
adv noun verb,0.39279220242478635,0.4411128091213043,0.6546536707079772,0.15830242337545783,-0.39279220242478635,0.4411128091213043,-0.6546536707079772,0.15830242337545783,0.13093073414159545,0.8047261622231061,-0.13093073414159545,0.8047261622231061
adv num,-0.5313689313240573,0.27796339331848685,0.13284223283101432,0.8019087881019875,0.3985266984930429,0.43385766067017734,-0.5313689313240573,0.27796339331848685,-0.13284223283101432,0.8019087881019875,0.6642111641550715,0.15020042233101136
adv num adj,,,,,,,,,,,,
adv num intj,,,,,,,,,,,,
adv num noun,-0.41736500618415145,0.4103036364236828,0.1391216687280505,0.7926638356375505,0.6956083436402525,0.12487982574290808,-0.41736500618415145,0.4103036364236828,-0.41736500618415145,0.4103036364236828,0.41736500618415145,0.4103036364236828
adv num num,,,,,,,,,,,,
adv num propn,-0.20000000000000007,0.704,-0.20000000000000007,0.704,-0.20000000000000007,0.704,-0.20000000000000007,0.704,-0.20000000000000007,0.704,1.0,0.0
adv num verb,,,,,,,,,,,,
adv pron,0.1391216687280505,0.7926638356375505,0.41736500618415145,0.4103036364236828,-0.41736500618415145,0.4103036364236828,-0.41736500618415145,0.4103036364236828,-0.41736500618415145,0.4103036364236828,0.6956083436402525,0.12487982574290808
adv pron adj,-0.20000000000000007,0.704,-0.20000000000000007,0.704,-0.20000000000000007,0.704,-0.20000000000000007,0.704,-0.20000000000000007,0.704,1.0,0.0
adv pron adv,-0.316227766016838,0.5414697392755848,0.632455532033676,0.1778078083562211,-0.316227766016838,0.5414697392755848,-0.316227766016838,0.5414697392755848,-0.316227766016838,0.5414697392755848,0.632455532033676,0.1778078083562211
adv pron noun,,,,,,,,,,,,
adv pron pron,,,,,,,,,,,,
adv pron propn,,,,,,,,,,,,
adv pron verb,1.0,0.0,-0.20000000000000007,0.704,-0.20000000000000007,0.704,-0.20000000000000007,0.704,-0.20000000000000007,0.704,-0.20000000000000007,0.704
adv propn,0.13093073414159545,0.8047261622231061,0.6546536707079772,0.15830242337545783,-0.39279220242478635,0.4411128091213043,-0.6546536707079772,0.15830242337545783,0.39279220242478635,0.4411128091213043,-0.13093073414159545,0.8047261622231061
adv propn adj,0.4472135954999579,0.373900966300059,0.4472135954999579,0.373900966300059,-0.4472135954999579,0.373900966300059,-0.4472135954999579,0.373900966300059,0.4472135954999579,0.373900966300059,-0.4472135954999579,0.373900966300059
adv propn adp,,,,,,,,,,,,
adv propn adv,-0.20000000000000007,0.704,-0.20000000000000007,0.704,-0.20000000000000007,0.704,-0.20000000000000007,0.704,1.0,0.0,-0.20000000000000007,0.704
adv propn emoji,-0.3098386676965934,0.5501142545045465,0.7745966692414834,0.07048399691021993,-0.3098386676965934,0.5501142545045465,-0.3098386676965934,0.5501142545045465,0.46475800154489,0.3530568618495133,-0.3098386676965934,0.5501142545045465
adv propn noun,0.3985266984930429,0.43385766067017734,0.6642111641550715,0.15020042233101136,-0.5313689313240573,0.27796339331848685,-0.5313689313240573,0.27796339331848685,0.13284223283101432,0.8019087881019875,-0.13284223283101432,0.8019087881019875
adv propn num,,,,,,,,,,,,
adv propn pron,,,,,,,,,,,,
adv propn propn,0.13284223283101432,0.8019087881019875,0.6642111641550715,0.15020042233101136,-0.5313689313240573,0.27796339331848685,-0.5313689313240573,0.27796339331848685,-0.13284223283101432,0.8019087881019875,0.3985266984930429,0.43385766067017734
adv propn verb,0.13093073414159545,0.8047261622231061,0.6546536707079772,0.15830242337545783,-0.39279220242478635,0.4411128091213043,-0.6546536707079772,0.15830242337545783,0.39279220242478635,0.4411128091213043,-0.13093073414159545,0.8047261622231061
adv verb,0.39279220242478635,0.4411128091213043,0.6546536707079772,0.15830242337545783,-0.39279220242478635,0.4411128091213043,-0.6546536707079772,0.15830242337545783,-0.13093073414159545,0.8047261622231061,0.13093073414159545,0.8047261622231061
adv verb adj,0.6642111641550715,0.15020042233101136,0.3985266984930429,0.43385766067017734,-0.26568446566202863,0.6108504002950288,-0.6642111641550715,0.15020042233101136,-0.26568446566202863,0.6108504002950288,0.13284223283101432,0.8019087881019875
adv verb adp,,,,,,,,,,,,
adv verb adv,0.46475800154489,0.3530568618495133,-0.3098386676965934,0.5501142545045465,-0.3098386676965934,0.5501142545045465,-0.3098386676965934,0.5501142545045465,-0.3098386676965934,0.5501142545045465,0.7745966692414834,0.07048399691021993
adv verb emoji,,,,,,,,,,,,
adv verb intj,1.0,0.0,-0.20000000000000007,0.704,-0.20000000000000007,0.704,-0.20000000000000007,0.704,-0.20000000000000007,0.704,-0.20000000000000007,0.704
adv verb noun,0.13093073414159545,0.8047261622231061,0.6546536707079772,0.15830242337545783,-0.39279220242478635,0.4411128091213043,-0.6546536707079772,0.15830242337545783,-0.13093073414159545,0.8047261622231061,0.39279220242478635,0.4411128091213043
adv verb num,,,,,,,,,,,,
adv verb pron,0.28284271247461906,0.5870496397870562,-0.4242640687119286,0.40178766311618047,0.28284271247461906,0.5870496397870562,-0.4242640687119286,0.40178766311618047,-0.4242640687119286,0.40178766311618047,0.7071067811865477,0.11611652351681541
adv verb propn,0.6546536707079772,0.15830242337545783,0.39279220242478635,0.4411128091213043,-0.39279220242478635,0.4411128091213043,-0.6546536707079772,0.15830242337545783,-0.13093073414159545,0.8047261622231061,0.13093073414159545,0.8047261622231061
adv verb verb,0.13284223283101432,0.8019087881019875,0.6642111641550715,0.15020042233101136,-0.5313689313240573,0.27796339331848685,-0.5313689313240573,0.27796339331848685,-0.13284223283101432,0.8019087881019875,0.3985266984930429,0.43385766067017734
emoji adj,0.3985266984930429,0.43385766067017734,0.6642111641550715,0.15020042233101136,-0.5313689313240573,0.27796339331848685,-0.5313689313240573,0.27796339331848685,-0.13284223283101432,0.8019087881019875,0.13284223283101432,0.8019087881019875
emoji adj adj,-0.20000000000000007,0.704,1.0,0.0,-0.20000000000000007,0.704,-0.20000000000000007,0.704,-0.20000000000000007,0.704,-0.20000000000000007,0.704
emoji adj emoji,,,,,,,,,,,,
emoji adj noun,0.13284223283101432,0.8019087881019875,0.6642111641550715,0.15020042233101136,-0.5313689313240573,0.27796339331848685,-0.5313689313240573,0.27796339331848685,-0.13284223283101432,0.8019087881019875,0.3985266984930429,0.43385766067017734
emoji adj num,-0.20000000000000007,0.704,1.0,0.0,-0.20000000000000007,0.704,-0.20000000000000007,0.704,-0.20000000000000007,0.704,-0.20000000000000007,0.704
emoji adj propn,1.0,0.0,-0.20000000000000007,0.704,-0.20000000000000007,0.704,-0.20000000000000007,0.704,-0.20000000000000007,0.704,-0.20000000000000007,0.704
emoji adj verb,,,,,,,,,,,,
emoji adp,-0.20000000000000007,0.704,-0.20000000000000007,0.704,-0.20000000000000007,0.704,-0.20000000000000007,0.704,1.0,0.0,-0.20000000000000007,0.704
emoji adp adj,,,,,,,,,,,,
emoji adp emoji,,,,,,,,,,,,
emoji adp noun,-0.20000000000000007,0.704,-0.20000000000000007,0.704,-0.20000000000000007,0.704,-0.20000000000000007,0.704,1.0,0.0,-0.20000000000000007,0.704
emoji adp num,,,,,,,,,,,,
emoji adp propn,,,,,,,,,,,,
emoji adv,,,,,,,,,,,,
emoji adv adj,,,,,,,,,,,,
emoji adv emoji,,,,,,,,,,,,
emoji adv propn,,,,,,,,,,,,
emoji adv verb,,,,,,,,,,,,
emoji emoji,0.39279220242478635,0.4411128091213043,0.6546536707079772,0.15830242337545783,-0.6546536707079772,0.15830242337545783,-0.39279220242478635,0.4411128091213043,-0.13093073414159545,0.8047261622231061,0.13093073414159545,0.8047261622231061
emoji emoji adj,0.4472135954999579,0.373900966300059,-0.4472135954999579,0.373900966300059,-0.4472135954999579,0.373900966300059,-0.4472135954999579,0.373900966300059,0.4472135954999579,0.373900966300059,0.4472135954999579,0.373900966300059
emoji emoji adp,,,,,,,,,,,,
emoji emoji adv,,,,,,,,,,,,
emoji emoji emoji,0.39279220242478635,0.4411128091213043,0.6546536707079772,0.15830242337545783,-0.6546536707079772,0.15830242337545783,-0.39279220242478635,0.4411128091213043,0.13093073414159545,0.8047261622231061,-0.13093073414159545,0.8047261622231061
emoji emoji intj,,,,,,,,,,,,
emoji emoji noun,0.3985266984930429,0.43385766067017734,0.6642111641550715,0.15020042233101136,-0.5313689313240573,0.27796339331848685,-0.5313689313240573,0.27796339331848685,-0.13284223283101432,0.8019087881019875,0.13284223283101432,0.8019087881019875
emoji emoji num,0.7071067811865477,0.11611652351681541,0.28284271247461906,0.5870496397870562,-0.4242640687119286,0.40178766311618047,-0.4242640687119286,0.40178766311618047,-0.4242640687119286,0.40178766311618047,0.28284271247461906,0.5870496397870562
emoji emoji pron,-0.20000000000000007,0.704,1.0,0.0,-0.20000000000000007,0.704,-0.20000000000000007,0.704,-0.20000000000000007,0.704,-0.20000000000000007,0.704
emoji emoji propn,-0.13284223283101432,0.8019087881019875,0.6642111641550715,0.15020042233101136,-0.5313689313240573,0.27796339331848685,-0.5313689313240573,0.27796339331848685,0.13284223283101432,0.8019087881019875,0.3985266984930429,0.43385766067017734
emoji emoji verb,-0.20000000000000007,0.704,1.0,0.0,-0.20000000000000007,0.704,-0.20000000000000007,0.704,-0.20000000000000007,0.704,-0.20000000000000007,0.704
emoji intj,,,,,,,,,,,,
emoji intj emoji,,,,,,,,,,,,
emoji intj noun,,,,,,,,,,,,
emoji intj propn,,,,,,,,,,,,
emoji intj verb,,,,,,,,,,,,
emoji noun,-0.13093073414159545,0.8047261622231061,0.6546536707079772,0.15830242337545783,-0.39279220242478635,0.4411128091213043,-0.6546536707079772,0.15830242337545783,0.13093073414159545,0.8047261622231061,0.39279220242478635,0.4411128091213043
emoji noun adj,,,,,,,,,,,,
emoji noun adp,,,,,,,,,,,,
emoji noun adv,,,,,,,,,,,,
emoji noun emoji,0.13284223283101432,0.8019087881019875,0.6642111641550715,0.15020042233101136,-0.13284223283101432,0.8019087881019875,-0.5313689313240573,0.27796339331848685,-0.5313689313240573,0.27796339331848685,0.3985266984930429,0.43385766067017734
emoji noun intj,,,,,,,,,,,,
emoji noun noun,0.13284223283101432,0.8019087881019875,0.6642111641550715,0.15020042233101136,-0.5313689313240573,0.27796339331848685,-0.5313689313240573,0.27796339331848685,0.3985266984930429,0.43385766067017734,-0.13284223283101432,0.8019087881019875
emoji noun num,-0.20000000000000007,0.704,-0.20000000000000007,0.704,-0.20000000000000007,0.704,-0.20000000000000007,0.704,1.0,0.0,-0.20000000000000007,0.704
emoji noun pron,,,,,,,,,,,,
emoji noun propn,-0.13284223283101432,0.8019087881019875,0.6642111641550715,0.15020042233101136,-0.5313689313240573,0.27796339331848685,-0.5313689313240573,0.27796339331848685,0.13284223283101432,0.8019087881019875,0.3985266984930429,0.43385766067017734
emoji noun verb,-0.41736500618415145,0.4103036364236828,0.41736500618415145,0.4103036364236828,-0.41736500618415145,0.4103036364236828,-0.41736500618415145,0.4103036364236828,0.1391216687280505,0.7926638356375505,0.6956083436402525,0.12487982574290808
emoji num,0.41736500618415145,0.4103036364236828,0.6956083436402525,0.12487982574290808,-0.41736500618415145,0.4103036364236828,-0.41736500618415145,0.4103036364236828,-0.41736500618415145,0.4103036364236828,0.1391216687280505,0.7926638356375505
emoji num adj,,,,,,,,,,,,
emoji num adv,,,,,,,,,,,,
emoji num emoji,1.0,0.0,-0.20000000000000007,0.704,-0.20000000000000007,0.704,-0.20000000000000007,0.704,-0.20000000000000007,0.704,-0.20000000000000007,0.704
emoji num noun,,,,,,,,,,,,
emoji num num,,,,,,,,,,,,
emoji num propn,-0.316227766016838,0.5414697392755848,0.632455532033676,0.1778078083562211,-0.316227766016838,0.5414697392755848,-0.316227766016838,0.5414697392755848,-0.316227766016838,0.5414697392755848,0.632455532033676,0.1778078083562211
emoji num verb,,,,,,,,,,,,
emoji pron,-0.4242640687119286,0.40178766311618047,0.7071067811865477,0.11611652351681541,-0.4242640687119286,0.40178766311618047,-0.4242640687119286,0.40178766311618047,0.28284271247461906,0.5870496397870562,0.28284271247461906,0.5870496397870562
emoji pron emoji,,,,,,,,,,,,
emoji pron noun,,,,,,,,,,,,
emoji pron verb,-0.4242640687119286,0.40178766311618047,0.7071067811865477,0.11611652351681541,-0.4242640687119286,0.40178766311618047,-0.4242640687119286,0.40178766311618047,0.28284271247461906,0.5870496397870562,0.28284271247461906,0.5870496397870562
emoji propn,0.39279220242478635,0.4411128091213043,0.6546536707079772,0.15830242337545783,-0.39279220242478635,0.4411128091213043,-0.6546536707079772,0.15830242337545783,0.13093073414159545,0.8047261622231061,-0.13093073414159545,0.8047261622231061
emoji propn adj,-0.20000000000000007,0.704,-0.20000000000000007,0.704,-0.20000000000000007,0.704,-0.20000000000000007,0.704,-0.20000000000000007,0.704,1.0,0.0
emoji propn adv,-0.20000000000000007,0.704,1.0,0.0,-0.20000000000000007,0.704,-0.20000000000000007,0.704,-0.20000000000000007,0.704,-0.20000000000000007,0.704
emoji propn emoji,0.41736500618415145,0.4103036364236828,0.6956083436402525,0.12487982574290808,-0.41736500618415145,0.4103036364236828,-0.41736500618415145,0.4103036364236828,-0.41736500618415145,0.4103036364236828,0.1391216687280505,0.7926638356375505
emoji propn intj,,,,,,,,,,,,
emoji propn noun,0.39279220242478635,0.4411128091213043,0.6546536707079772,0.15830242337545783,-0.39279220242478635,0.4411128091213043,-0.6546536707079772,0.15830242337545783,0.13093073414159545,0.8047261622231061,-0.13093073414159545,0.8047261622231061
emoji propn num,-0.3098386676965934,0.5501142545045465,0.46475800154489,0.3530568618495133,-0.3098386676965934,0.5501142545045465,-0.3098386676965934,0.5501142545045465,-0.3098386676965934,0.5501142545045465,0.7745966692414834,0.07048399691021993
emoji propn pron,1.0,0.0,-0.20000000000000007,0.704,-0.20000000000000007,0.704,-0.20000000000000007,0.704,-0.20000000000000007,0.704,-0.20000000000000007,0.704
